name: acl24
channels:
  - conda-forge
  - defaults
dependencies:
  - asttokens=2.4.1=pyhd8ed1ab_0
  - bzip2=1.0.8=h2bbff1b_5
  - ca-certificates=2024.2.2=h56e8100_0
  - colorama=0.4.6=pyhd8ed1ab_0
  - comm=0.2.1=pyhd8ed1ab_0
  - debugpy=1.6.7=py312hd77b12b_0
  - decorator=5.1.1=pyhd8ed1ab_0
  - exceptiongroup=1.2.0=pyhd8ed1ab_2
  - executing=2.0.1=pyhd8ed1ab_0
  - expat=2.5.0=hd77b12b_0
  - importlib-metadata=7.0.1=pyha770c72_0
  - importlib_metadata=7.0.1=hd8ed1ab_0
  - ipykernel=6.29.3=pyha63f2e9_0
  - ipython=8.22.2=pyh7428d3b_0
  - jedi=0.19.1=pyhd8ed1ab_0
  - jupyter_client=8.6.0=pyhd8ed1ab_0
  - jupyter_core=5.5.0=py312haa95532_0
  - libffi=3.4.4=hd77b12b_0
  - libsodium=1.0.18=h8d14728_1
  - matplotlib-inline=0.1.6=pyhd8ed1ab_0
  - nest-asyncio=1.6.0=pyhd8ed1ab_0
  - openssl=3.2.1=hcfcfb64_0
  - packaging=23.2=pyhd8ed1ab_0
  - parso=0.8.3=pyhd8ed1ab_0
  - pickleshare=0.7.5=py_1003
  - pip=23.3.1=py312haa95532_0
  - platformdirs=4.2.0=pyhd8ed1ab_0
  - prompt-toolkit=3.0.42=pyha770c72_0
  - psutil=5.9.0=py312h2bbff1b_0
  - pure_eval=0.2.2=pyhd8ed1ab_0
  - pygments=2.17.2=pyhd8ed1ab_0
  - python=3.12.2=h1d929f7_0
  - python-dateutil=2.9.0=pyhd8ed1ab_0
  - pywin32=305=py312h2bbff1b_0
  - pyzmq=25.1.2=py312hd77b12b_0
  - setuptools=68.2.2=py312haa95532_0
  - six=1.16.0=pyh6c4a22f_0
  - sqlite=3.41.2=h2bbff1b_0
  - stack_data=0.6.2=pyhd8ed1ab_0
  - tk=8.6.12=h2bbff1b_0
  - tornado=6.3.3=py312h2bbff1b_0
  - traitlets=5.14.1=pyhd8ed1ab_0
  - typing_extensions=4.10.0=pyha770c72_0
  - tzdata=2024a=h04d1e81_0
  - ucrt=10.0.22621.0=h57928b3_0
  - vc=14.2=h21ff451_1
  - vc14_runtime=14.38.33130=h82b7239_18
  - vs2015_runtime=14.38.33130=hcb4865c_18
  - wcwidth=0.2.13=pyhd8ed1ab_0
  - wheel=0.41.2=py312haa95532_0
  - xz=5.4.6=h8cc25b3_0
  - zeromq=4.3.5=h63175ca_1
  - zipp=3.17.0=pyhd8ed1ab_0
  - zlib=1.2.13=h8cc25b3_0
  - pip:
      - aiohttp==3.9.3
      - aiosignal==1.3.1
      - annotated-types==0.6.0
      - anyio==4.3.0
      - attrs==23.2.0
      - certifi==2024.2.2
      - charset-normalizer==3.3.2
      - dataclasses-json==0.6.4
      - distro==1.9.0
      - frozenlist==1.4.1
      - greenlet==3.0.3
      - h11==0.14.0
      - httpcore==1.0.4
      - httpx==0.27.0
      - idna==3.6
      - jsonpatch==1.33
      - jsonpointer==2.4
      - langchain==0.1.11
      - langchain-community==0.0.25
      - langchain-core==0.1.29
      - langchain-openai==0.0.8
      - langchain-text-splitters==0.0.1
      - langsmith==0.1.19
      - marshmallow==3.21.1
      - multidict==6.0.5
      - mypy-extensions==1.0.0
      - numpy==1.26.4
      - openai==1.13.3
      - orjson==3.9.15
      - pydantic==2.6.3
      - pydantic-core==2.16.3
      - python-dotenv==1.0.1
      - pyyaml==6.0.1
      - regex==2023.12.25
      - requests==2.31.0
      - sniffio==1.3.1
      - sqlalchemy==2.0.28
      - tenacity==8.2.3
      - tiktoken==0.6.0
      - tqdm==4.66.2
      - typing-inspect==0.9.0
      - urllib3==2.2.1
      - yarl==1.9.4
prefix: C:\Users\mbmoz\Programs\envs\acl24
